acc = 0.6911433172302738
eval_loss = 2.2106546820426476
f1_score = 0.3575317604355718
precision = 0.5898203592814372
recall = 0.2565104166666667
